camera_matrix:
- - 299.84548007344887
  - 0.0
  - 329.0198725732369
- - 0.0
  - 301.4606791254522
  - 245.95798059807345
- - 0.0
  - 0.0
  - 1.0
dist_coeffs:
- 0.0002994169333598842
- 0.03812548578647146
- -0.005413351710766217
- 0.006664639925628865
- -0.031963512075336
rotation:
- - 0.39965479191496256
  - 0.7103861860716019
  - -0.11389372781198222
- - -0.7511782958818318
  - 0.49298320594293926
  - 0.43897463076388565
- - -0.27583538775287736
  - -0.49029726870250584
  - 0.07860763911869435
translation:
- 21.810800356717372
- -28.1598164728063
- -8.817625425158162
